 A R N D C Q E G H I L K M F P S T W Y V B Z X *
A -1.67 2.99 1.49 1.49 1.11 1.98 1.98 -0.49 2.29 1.46 1.46 2.01 2.08 2.64 0.90 0.56 1.04 3.99 3.19 0.97 1.49 1.98 1.67 0.00
R -2.99 1.32 -1.49 -1.49 -1.88 -1.01 -1.01 -3.47 -0.69 -1.53 -1.53 -0.97 -0.90 -0.35 -2.08 -2.43 -1.94 1.01 0.21 -2.01 -1.49 -1.01 -1.32 -2.99
N -1.49 1.49 -0.17 0.00 -0.38 0.49 0.49 -1.98 0.80 -0.03 -0.03 0.52 0.59 1.15 -0.59 -0.94 -0.45 2.50 1.70 -0.52 0.00 0.49 0.17 -1.49
D -1.49 1.49 0.00 -0.17 -0.38 0.49 0.49 -1.98 0.80 -0.03 -0.03 0.52 0.59 1.15 -0.59 -0.94 -0.45 2.50 1.70 -0.52 0.00 0.49 0.17 -1.49
C -1.11 1.88 0.38 0.38 -0.55 0.87 0.87 -1.60 1.18 0.35 0.35 0.90 0.97 1.53 -0.21 -0.56 -0.07 2.88 2.08 -0.14 0.38 0.87 0.55 -1.11
Q -1.98 1.01 -0.49 -0.49 -0.87 0.31 0.00 -2.47 0.31 -0.52 -0.52 0.03 0.10 0.66 -1.08 -1.42 -0.94 2.01 1.22 -1.01 -0.49 0.00 -0.31 -1.98
E -1.98 1.01 -0.49 -0.49 -0.87 0.00 0.31 -2.47 0.31 -0.52 -0.52 0.03 0.10 0.66 -1.08 -1.42 -0.94 2.01 1.22 -1.01 -0.49 0.00 -0.31 -1.98
G 0.49 3.47 1.98 1.98 1.60 2.47 2.47 -2.15 2.78 1.94 1.94 2.50 2.57 3.13 1.39 1.04 1.53 4.48 3.68 1.46 1.98 2.47 2.15 0.49
H -2.29 0.69 -0.80 -0.80 -1.18 -0.31 -0.31 -2.78 0.63 -0.83 -0.83 -0.28 -0.21 0.35 -1.39 -1.74 -1.25 1.70 0.90 -1.32 -0.80 -0.31 -0.63 -2.29
I -1.46 1.53 0.03 0.03 -0.35 0.52 0.52 -1.94 0.83 -0.21 0.00 0.56 0.63 1.18 -0.56 -0.90 -0.42 2.53 1.74 -0.49 0.03 0.52 0.21 -1.46
L -1.46 1.53 0.03 0.03 -0.35 0.52 0.52 -1.94 0.83 0.00 -0.21 0.56 0.63 1.18 -0.56 -0.90 -0.42 2.53 1.74 -0.49 0.03 0.52 0.21 -1.46
K -2.01 0.97 -0.52 -0.52 -0.90 -0.03 -0.03 -2.50 0.28 -0.56 -0.56 0.35 0.07 0.63 -1.11 -1.46 -0.97 1.98 1.18 -1.04 -0.52 -0.03 -0.35 -2.01
M -2.08 0.90 -0.59 -0.59 -0.97 -0.10 -0.10 -2.57 0.21 -0.63 -0.63 -0.07 0.42 0.56 -1.18 -1.53 -1.04 1.91 1.11 -1.11 -0.59 -0.10 -0.42 -2.08
F -2.64 0.35 -1.15 -1.15 -1.53 -0.66 -0.66 -3.13 -0.35 -1.18 -1.18 -0.63 -0.56 0.97 -1.74 -2.08 -1.60 1.35 0.56 -1.67 -1.15 -0.66 -0.97 -2.64
P -0.90 2.08 0.59 0.59 0.21 1.08 1.08 -1.39 1.39 0.56 0.56 1.11 1.18 1.74 -0.76 -0.35 0.14 3.09 2.29 0.07 0.59 1.08 0.76 -0.90
S -0.56 2.43 0.94 0.94 0.56 1.42 1.42 -1.04 1.74 0.90 0.90 1.46 1.53 2.08 0.35 -1.11 0.49 3.44 2.64 0.42 0.94 1.42 1.11 -0.56
T -1.04 1.94 0.45 0.45 0.07 0.94 0.94 -1.53 1.25 0.42 0.42 0.97 1.04 1.60 -0.14 -0.49 -0.62 2.95 2.15 -0.07 0.45 0.94 0.62 -1.04
W -3.99 -1.01 -2.50 -2.50 -2.88 -2.01 -2.01 -4.48 -1.70 -2.53 -2.53 -1.98 -1.91 -1.35 -3.09 -3.44 -2.95 2.33 -0.80 -3.02 -2.50 -2.01 -2.33 -3.99
Y -3.19 -0.21 -1.70 -1.70 -2.08 -1.22 -1.22 -3.68 -0.90 -1.74 -1.74 -1.18 -1.11 -0.56 -2.29 -2.64 -2.15 0.80 1.53 -2.22 -1.70 -1.22 -1.53 -3.19
V -0.97 2.01 0.52 0.52 0.14 1.01 1.01 -1.46 1.32 0.49 0.49 1.04 1.11 1.67 -0.07 -0.42 0.07 3.02 2.22 -0.69 0.52 1.01 0.69 -0.97
B -1.49 1.49 0.00 0.00 -0.38 0.49 0.49 -1.98 0.80 -0.03 -0.03 0.52 0.59 1.15 -0.59 -0.94 -0.45 2.50 1.70 -0.52 -0.17 0.49 0.17 -1.49
Z -1.98 1.01 -0.49 -0.49 -0.87 0.00 0.00 -2.47 0.31 -0.52 -0.52 0.03 0.10 0.66 -1.08 -1.42 -0.94 2.01 1.22 -1.01 -0.49 0.31 -0.31 -1.98
X -1.67 1.32 -0.17 -0.17 -0.55 0.31 0.31 -2.15 0.63 -0.21 -0.21 0.35 0.42 0.97 -0.76 -1.11 -0.62 2.33 1.53 -0.69 -0.17 0.31 0.00 -1.67
* 0.00 2.99 1.49 1.49 1.11 1.98 1.98 -0.49 2.29 1.46 1.46 2.01 2.08 2.64 0.90 0.56 1.04 3.99 3.19 0.97 1.49 1.98 1.67 -1.67