 A R N D C Q E G H I L K M F P S T W Y V B Z X *
A 71.00 86.00 43.00 43.00 32.00 57.00 57.00 -14.00 66.00 42.00 42.00 58.00 60.00 76.00 26.00 16.00 30.00 115.00 92.00 28.00 43.00 57.00 47.95 0.00
R -86.00 157.00 -43.00 -43.00 -54.00 -29.00 -29.00 -100.00 -20.00 -44.00 -44.00 -28.00 -26.00 -10.00 -60.00 -70.00 -56.00 29.00 6.00 -58.00 -43.00 -29.00 -38.05 -86.00
N -43.00 43.00 114.00 0.00 -11.00 14.00 14.00 -57.00 23.00 -1.00 -1.00 15.00 17.00 33.00 -17.00 -27.00 -13.00 72.00 49.00 -15.00 0.00 14.00 4.95 -43.00
D -43.00 43.00 0.00 114.00 -11.00 14.00 14.00 -57.00 23.00 -1.00 -1.00 15.00 17.00 33.00 -17.00 -27.00 -13.00 72.00 49.00 -15.00 0.00 14.00 4.95 -43.00
C -32.00 54.00 11.00 11.00 103.00 25.00 25.00 -46.00 34.00 10.00 10.00 26.00 28.00 44.00 -6.00 -16.00 -2.00 83.00 60.00 -4.00 11.00 25.00 15.95 -32.00
Q -57.00 29.00 -14.00 -14.00 -25.00 128.00 0.00 -71.00 9.00 -15.00 -15.00 1.00 3.00 19.00 -31.00 -41.00 -27.00 58.00 35.00 -29.00 -14.00 0.00 -9.05 -57.00
E -57.00 29.00 -14.00 -14.00 -25.00 0.00 128.00 -71.00 9.00 -15.00 -15.00 1.00 3.00 19.00 -31.00 -41.00 -27.00 58.00 35.00 -29.00 -14.00 0.00 -9.05 -57.00
G 14.00 100.00 57.00 57.00 46.00 71.00 71.00 57.00 80.00 56.00 56.00 72.00 74.00 90.00 40.00 30.00 44.00 129.00 106.00 42.00 57.00 71.00 61.95 14.00
H -66.00 20.00 -23.00 -23.00 -34.00 -9.00 -9.00 -80.00 137.00 -24.00 -24.00 -8.00 -6.00 10.00 -40.00 -50.00 -36.00 49.00 26.00 -38.00 -23.00 -9.00 -18.05 -66.00
I -42.00 44.00 1.00 1.00 -10.00 15.00 15.00 -56.00 24.00 113.00 0.00 16.00 18.00 34.00 -16.00 -26.00 -12.00 73.00 50.00 -14.00 1.00 15.00 5.95 -42.00
L -42.00 44.00 1.00 1.00 -10.00 15.00 15.00 -56.00 24.00 0.00 113.00 16.00 18.00 34.00 -16.00 -26.00 -12.00 73.00 50.00 -14.00 1.00 15.00 5.95 -42.00
K -58.00 28.00 -15.00 -15.00 -26.00 -1.00 -1.00 -72.00 8.00 -16.00 -16.00 129.00 2.00 18.00 -32.00 -42.00 -28.00 57.00 34.00 -30.00 -15.00 -1.00 -10.05 -58.00
M -60.00 26.00 -17.00 -17.00 -28.00 -3.00 -3.00 -74.00 6.00 -18.00 -18.00 -2.00 131.00 16.00 -34.00 -44.00 -30.00 55.00 32.00 -32.00 -17.00 -3.00 -12.05 -60.00
F -76.00 10.00 -33.00 -33.00 -44.00 -19.00 -19.00 -90.00 -10.00 -34.00 -34.00 -18.00 -16.00 147.00 -50.00 -60.00 -46.00 39.00 16.00 -48.00 -33.00 -19.00 -28.05 -76.00
P -26.00 60.00 17.00 17.00 6.00 31.00 31.00 -40.00 40.00 16.00 16.00 32.00 34.00 50.00 97.00 -10.00 4.00 89.00 66.00 2.00 17.00 31.00 21.95 -26.00
S -16.00 70.00 27.00 27.00 16.00 41.00 41.00 -30.00 50.00 26.00 26.00 42.00 44.00 60.00 10.00 87.00 14.00 99.00 76.00 12.00 27.00 41.00 31.95 -16.00
T -30.00 56.00 13.00 13.00 2.00 27.00 27.00 -44.00 36.00 12.00 12.00 28.00 30.00 46.00 -4.00 -14.00 101.00 85.00 62.00 -2.00 13.00 27.00 17.95 -30.00
W -115.00 -29.00 -72.00 -72.00 -83.00 -58.00 -58.00 -129.00 -49.00 -73.00 -73.00 -57.00 -55.00 -39.00 -89.00 -99.00 -85.00 186.00 -23.00 -87.00 -72.00 -58.00 -67.05 -115.00
Y -92.00 -6.00 -49.00 -49.00 -60.00 -35.00 -35.00 -106.00 -26.00 -50.00 -50.00 -34.00 -32.00 -16.00 -66.00 -76.00 -62.00 23.00 163.00 -64.00 -49.00 -35.00 -44.05 -92.00
V -28.00 58.00 15.00 15.00 4.00 29.00 29.00 -42.00 38.00 14.00 14.00 30.00 32.00 48.00 -2.00 -12.00 2.00 87.00 64.00 99.00 15.00 29.00 19.95 -28.00
B -43.00 43.00 0.00 0.00 -11.00 14.00 14.00 -57.00 23.00 -1.00 -1.00 15.00 17.00 33.00 -17.00 -27.00 -13.00 72.00 49.00 -15.00 114.00 14.00 4.95 -43.00
Z -57.00 29.00 -14.00 -14.00 -25.00 0.00 0.00 -71.00 9.00 -15.00 -15.00 1.00 3.00 19.00 -31.00 -41.00 -27.00 58.00 35.00 -29.00 -14.00 128.00 -9.05 -57.00
X -47.95 38.05 -4.95 -4.95 -15.95 9.05 9.05 -61.95 18.05 -5.95 -5.95 10.05 12.05 28.05 -21.95 -31.95 -17.95 67.05 44.05 -19.95 -4.95 9.05 118.95 -47.95
* 0.00 86.00 43.00 43.00 32.00 57.00 57.00 -14.00 66.00 42.00 42.00 58.00 60.00 76.00 26.00 16.00 30.00 115.00 92.00 28.00 43.00 57.00 47.95 71.00