 A R N D C Q E G H I L K M F P S T W Y V B Z X *
A -0.99997812 -0.00000709 -0.00001141 -0.00000957 -0.00001675 -0.00000709 -0.00000639 0.00000000 -0.00001527 0.00000103 0.00000103 -0.00000674 -0.00000282 -0.00001512 -0.00001210 -0.00000566 0.00002078 0.00000211 -0.00000603 -0.00000098 -0.00001053 -0.00000674 -0.00000695 0.00000000
R 0.00000709 -0.99998521 -0.00000432 -0.00000249 -0.00000966 0.00000000 0.00000070 0.00000709 -0.00000818 0.00000812 0.00000812 0.00000034 0.00000426 -0.00000803 -0.00000502 0.00000143 0.00002787 0.00000920 0.00000106 0.00000610 -0.00000344 0.00000034 0.00000013 0.00000709
N 0.00001141 0.00000432 -0.99998953 0.00000183 -0.00000534 0.00000432 0.00000502 0.00001141 -0.00000386 0.00001244 0.00001244 0.00000466 0.00000858 -0.00000371 -0.00000070 0.00000575 0.00003218 0.00001352 0.00000538 0.00001042 0.00000088 0.00000466 0.00000445 0.00001141
D 0.00000957 0.00000249 -0.00000183 -0.99998770 -0.00000717 0.00000249 0.00000319 0.00000957 -0.00000570 0.00001061 0.00001061 0.00000283 0.00000675 -0.00000554 -0.00000253 0.00000392 0.00003035 0.00001169 0.00000355 0.00000859 -0.00000095 0.00000283 0.00000262 0.00000957
C 0.00001675 0.00000966 0.00000534 0.00000717 -0.99999487 0.00000966 0.00001036 0.00001675 0.00000148 0.00001778 0.00001778 0.00001001 0.00001393 0.00000163 0.00000464 0.00001109 0.00003753 0.00001886 0.00001072 0.00001576 0.00000622 0.00001001 0.00000979 0.00001675
Q 0.00000709 0.00000000 -0.00000432 -0.00000249 -0.00000966 -0.99998521 0.00000070 0.00000709 -0.00000818 0.00000812 0.00000812 0.00000034 0.00000426 -0.00000803 -0.00000502 0.00000143 0.00002787 0.00000920 0.00000106 0.00000610 -0.00000344 0.00000034 0.00000013 0.00000709
E 0.00000639 -0.00000070 -0.00000502 -0.00000319 -0.00001036 -0.00000070 -0.99998451 0.00000639 -0.00000888 0.00000742 0.00000742 -0.00000035 0.00000357 -0.00000873 -0.00000572 0.00000073 0.00002717 0.00000850 0.00000036 0.00000540 -0.00000414 -0.00000035 -0.00000056 0.00000639
G 0.00000000 -0.00000709 -0.00001141 -0.00000957 -0.00001675 -0.00000709 -0.00000639 -0.99997812 -0.00001527 0.00000103 0.00000103 -0.00000674 -0.00000282 -0.00001512 -0.00001210 -0.00000566 0.00002078 0.00000211 -0.00000603 -0.00000098 -0.00001053 -0.00000674 -0.00000695 0.00000000
H 0.00001527 0.00000818 0.00000386 0.00000570 -0.00000148 0.00000818 0.00000888 0.00001527 -0.99999339 0.00001630 0.00001630 0.00000853 0.00001245 0.00000015 0.00000317 0.00000961 0.00003605 0.00001738 0.00000924 0.00001429 0.00000474 0.00000853 0.00000832 0.00001527
I -0.00000103 -0.00000812 -0.00001244 -0.00001061 -0.00001778 -0.00000812 -0.00000742 -0.00000103 -0.00001630 -0.99997709 0.00000000 -0.00000777 -0.00000385 -0.00001615 -0.00001314 -0.00000669 0.00001975 0.00000108 -0.00000706 -0.00000202 -0.00001156 -0.00000777 -0.00000799 -0.00000103
L -0.00000103 -0.00000812 -0.00001244 -0.00001061 -0.00001778 -0.00000812 -0.00000742 -0.00000103 -0.00001630 0.00000000 -0.99997709 -0.00000777 -0.00000385 -0.00001615 -0.00001314 -0.00000669 0.00001975 0.00000108 -0.00000706 -0.00000202 -0.00001156 -0.00000777 -0.00000799 -0.00000103
K 0.00000674 -0.00000034 -0.00000466 -0.00000283 -0.00001001 -0.00000034 0.00000035 0.00000674 -0.00000853 0.00000777 0.00000777 -0.99998486 0.00000392 -0.00000837 -0.00000536 0.00000108 0.00002752 0.00000885 0.00000071 0.00000576 -0.00000379 0.00000000 -0.00000021 0.00000674
M 0.00000282 -0.00000426 -0.00000858 -0.00000675 -0.00001393 -0.00000426 -0.00000357 0.00000282 -0.00001245 0.00000385 0.00000385 -0.00000392 -0.99998095 -0.00001229 -0.00000928 -0.00000284 0.00002360 0.00000493 -0.00000321 0.00000184 -0.00000770 -0.00000392 -0.00000413 0.00000282
F 0.00001512 0.00000803 0.00000371 0.00000554 -0.00000163 0.00000803 0.00000873 0.00001512 -0.00000015 0.00001615 0.00001615 0.00000837 0.00001229 -0.99999324 0.00000301 0.00000946 0.00003590 0.00001723 0.00000909 0.00001413 0.00000459 0.00000837 0.00000816 0.00001512
P 0.00001210 0.00000502 0.00000070 0.00000253 -0.00000464 0.00000502 0.00000572 0.00001210 -0.00000317 0.00001314 0.00001314 0.00000536 0.00000928 -0.00000301 -0.99999023 0.00000645 0.00003288 0.00001422 0.00000608 0.00001112 0.00000158 0.00000536 0.00000515 0.00001210
S 0.00000566 -0.00000143 -0.00000575 -0.00000392 -0.00001109 -0.00000143 -0.00000073 0.00000566 -0.00000961 0.00000669 0.00000669 -0.00000108 0.00000284 -0.00000946 -0.00000645 -0.99998378 0.00002644 0.00000777 -0.00000037 0.00000467 -0.00000487 -0.00000108 -0.00000129 0.00000566
T -0.00002078 -0.00002787 -0.00003218 -0.00003035 -0.00003753 -0.00002787 -0.00002717 -0.00002078 -0.00003605 -0.00001975 -0.00001975 -0.00002752 -0.00002360 -0.00003590 -0.00003288 -0.00002644 -0.99995734 -0.00001867 -0.00002681 -0.00002176 -0.00003131 -0.00002752 -0.00002773 -0.00002078
W -0.00000211 -0.00000920 -0.00001352 -0.00001169 -0.00001886 -0.00000920 -0.00000850 -0.00000211 -0.00001738 -0.00000108 -0.00000108 -0.00000885 -0.00000493 -0.00001723 -0.00001422 -0.00000777 0.00001867 -0.99997601 -0.00000814 -0.00000310 -0.00001264 -0.00000885 -0.00000906 -0.00000211
Y 0.00000603 -0.00000106 -0.00000538 -0.00000355 -0.00001072 -0.00000106 -0.00000036 0.00000603 -0.00000924 0.00000706 0.00000706 -0.00000071 0.00000321 -0.00000909 -0.00000608 0.00000037 0.00002681 0.00000814 -0.99998415 0.00000504 -0.00000450 -0.00000071 -0.00000093 0.00000603
V 0.00000098 -0.00000610 -0.00001042 -0.00000859 -0.00001576 -0.00000610 -0.00000540 0.00000098 -0.00001429 0.00000202 0.00000202 -0.00000576 -0.00000184 -0.00001413 -0.00001112 -0.00000467 0.00002176 0.00000310 -0.00000504 -0.99997911 -0.00000954 -0.00000576 -0.00000597 0.00000098
B 0.00001053 0.00000344 -0.00000088 0.00000095 -0.00000622 0.00000344 0.00000414 0.00001053 -0.00000474 0.00001156 0.00001156 0.00000379 0.00000770 -0.00000459 -0.00000158 0.00000487 0.00003131 0.00001264 0.00000450 0.00000954 -0.99998865 0.00000379 0.00000357 0.00001053
Z 0.00000674 -0.00000034 -0.00000466 -0.00000283 -0.00001001 -0.00000034 0.00000035 0.00000674 -0.00000853 0.00000777 0.00000777 0.00000000 0.00000392 -0.00000837 -0.00000536 0.00000108 0.00002752 0.00000885 0.00000071 0.00000576 -0.00000379 -0.99998486 -0.00000021 0.00000674
X 0.00000695 -0.00000013 -0.00000445 -0.00000262 -0.00000979 -0.00000013 0.00000056 0.00000695 -0.00000832 0.00000799 0.00000799 0.00000021 0.00000413 -0.00000816 -0.00000515 0.00000129 0.00002773 0.00000906 0.00000093 0.00000597 -0.00000357 0.00000021 -0.99998508 0.00000695
* 0.00000000 -0.00000709 -0.00001141 -0.00000957 -0.00001675 -0.00000709 -0.00000639 0.00000000 -0.00001527 0.00000103 0.00000103 -0.00000674 -0.00000282 -0.00001512 -0.00001210 -0.00000566 0.00002078 0.00000211 -0.00000603 -0.00000098 -0.00001053 -0.00000674 -0.00000695 -0.99997812