 A R N D C Q E G H I L K M F P S T W Y V B Z X *
A 0.00000000 0.99999669 0.00000000 -0.99927609 -0.04468351 0.00000000 -0.99822488 0.00000000 0.09090909 0.00000000 0.00000000 0.99970497 0.00000000 0.00000000 0.00000000 0.00000000 0.00000000 0.00000000 -0.00085041 0.00000000 0.00000000 0.00000000 0.00000000 0.00000000
R -0.99999669 0.99999669 -0.99999669 -1.99927278 -1.04468020 -0.99999669 -1.99822157 -0.99999669 -0.90908760 -0.99999669 -0.99999669 -0.00029172 -0.99999669 -0.99999669 -0.99999669 -0.99999669 -0.99999669 -0.99999669 -1.00084710 -0.99999669 -0.99999669 -0.99999669 -0.99999669 -0.99999669
N 0.00000000 0.99999669 0.00000000 -0.99927609 -0.04468351 0.00000000 -0.99822488 0.00000000 0.09090909 0.00000000 0.00000000 0.99970497 0.00000000 0.00000000 0.00000000 0.00000000 0.00000000 0.00000000 -0.00085041 0.00000000 0.00000000 0.00000000 0.00000000 0.00000000
D 0.99927609 1.99927278 0.99927609 -0.99927609 0.95459258 0.99927609 0.00105121 0.99927609 1.09018518 0.99927609 0.99927609 1.99898105 0.99927609 0.99927609 0.99927609 0.99927609 0.99927609 0.99927609 0.99842567 0.99927609 0.99927609 0.99927609 0.99927609 0.99927609
C 0.04468351 1.04468020 0.04468351 -0.95459258 -0.04468351 0.04468351 -0.95354137 0.04468351 0.13559260 0.04468351 0.04468351 1.04438848 0.04468351 0.04468351 0.04468351 0.04468351 0.04468351 0.04468351 0.04383310 0.04468351 0.04468351 0.04468351 0.04468351 0.04468351
Q 0.00000000 0.99999669 0.00000000 -0.99927609 -0.04468351 0.00000000 -0.99822488 0.00000000 0.09090909 0.00000000 0.00000000 0.99970497 0.00000000 0.00000000 0.00000000 0.00000000 0.00000000 0.00000000 -0.00085041 0.00000000 0.00000000 0.00000000 0.00000000 0.00000000
E 0.99822488 1.99822157 0.99822488 -0.00105121 0.95354137 0.99822488 -0.99822488 0.99822488 1.08913397 0.99822488 0.99822488 1.99792984 0.99822488 0.99822488 0.99822488 0.99822488 0.99822488 0.99822488 0.99737446 0.99822488 0.99822488 0.99822488 0.99822488 0.99822488
G 0.00000000 0.99999669 0.00000000 -0.99927609 -0.04468351 0.00000000 -0.99822488 0.00000000 0.09090909 0.00000000 0.00000000 0.99970497 0.00000000 0.00000000 0.00000000 0.00000000 0.00000000 0.00000000 -0.00085041 0.00000000 0.00000000 0.00000000 0.00000000 0.00000000
H -0.09090909 0.90908760 -0.09090909 -1.09018518 -0.13559260 -0.09090909 -1.08913397 -0.09090909 0.09090909 -0.09090909 -0.09090909 0.90879588 -0.09090909 -0.09090909 -0.09090909 -0.09090909 -0.09090909 -0.09090909 -0.09175951 -0.09090909 -0.09090909 -0.09090909 -0.09090909 -0.09090909
I 0.00000000 0.99999669 0.00000000 -0.99927609 -0.04468351 0.00000000 -0.99822488 0.00000000 0.09090909 0.00000000 0.00000000 0.99970497 0.00000000 0.00000000 0.00000000 0.00000000 0.00000000 0.00000000 -0.00085041 0.00000000 0.00000000 0.00000000 0.00000000 0.00000000
L 0.00000000 0.99999669 0.00000000 -0.99927609 -0.04468351 0.00000000 -0.99822488 0.00000000 0.09090909 0.00000000 0.00000000 0.99970497 0.00000000 0.00000000 0.00000000 0.00000000 0.00000000 0.00000000 -0.00085041 0.00000000 0.00000000 0.00000000 0.00000000 0.00000000
K -0.99970497 0.00029172 -0.99970497 -1.99898105 -1.04438848 -0.99970497 -1.99792984 -0.99970497 -0.90879588 -0.99970497 -0.99970497 0.99970497 -0.99970497 -0.99970497 -0.99970497 -0.99970497 -0.99970497 -0.99970497 -1.00055538 -0.99970497 -0.99970497 -0.99970497 -0.99970497 -0.99970497
M 0.00000000 0.99999669 0.00000000 -0.99927609 -0.04468351 0.00000000 -0.99822488 0.00000000 0.09090909 0.00000000 0.00000000 0.99970497 0.00000000 0.00000000 0.00000000 0.00000000 0.00000000 0.00000000 -0.00085041 0.00000000 0.00000000 0.00000000 0.00000000 0.00000000
F 0.00000000 0.99999669 0.00000000 -0.99927609 -0.04468351 0.00000000 -0.99822488 0.00000000 0.09090909 0.00000000 0.00000000 0.99970497 0.00000000 0.00000000 0.00000000 0.00000000 0.00000000 0.00000000 -0.00085041 0.00000000 0.00000000 0.00000000 0.00000000 0.00000000
P 0.00000000 0.99999669 0.00000000 -0.99927609 -0.04468351 0.00000000 -0.99822488 0.00000000 0.09090909 0.00000000 0.00000000 0.99970497 0.00000000 0.00000000 0.00000000 0.00000000 0.00000000 0.00000000 -0.00085041 0.00000000 0.00000000 0.00000000 0.00000000 0.00000000
S 0.00000000 0.99999669 0.00000000 -0.99927609 -0.04468351 0.00000000 -0.99822488 0.00000000 0.09090909 0.00000000 0.00000000 0.99970497 0.00000000 0.00000000 0.00000000 0.00000000 0.00000000 0.00000000 -0.00085041 0.00000000 0.00000000 0.00000000 0.00000000 0.00000000
T 0.00000000 0.99999669 0.00000000 -0.99927609 -0.04468351 0.00000000 -0.99822488 0.00000000 0.09090909 0.00000000 0.00000000 0.99970497 0.00000000 0.00000000 0.00000000 0.00000000 0.00000000 0.00000000 -0.00085041 0.00000000 0.00000000 0.00000000 0.00000000 0.00000000
W 0.00000000 0.99999669 0.00000000 -0.99927609 -0.04468351 0.00000000 -0.99822488 0.00000000 0.09090909 0.00000000 0.00000000 0.99970497 0.00000000 0.00000000 0.00000000 0.00000000 0.00000000 0.00000000 -0.00085041 0.00000000 0.00000000 0.00000000 0.00000000 0.00000000
Y 0.00085041 1.00084710 0.00085041 -0.99842567 -0.04383310 0.00085041 -0.99737446 0.00085041 0.09175951 0.00085041 0.00085041 1.00055538 0.00085041 0.00085041 0.00085041 0.00085041 0.00085041 0.00085041 -0.00085041 0.00085041 0.00085041 0.00085041 0.00085041 0.00085041
V 0.00000000 0.99999669 0.00000000 -0.99927609 -0.04468351 0.00000000 -0.99822488 0.00000000 0.09090909 0.00000000 0.00000000 0.99970497 0.00000000 0.00000000 0.00000000 0.00000000 0.00000000 0.00000000 -0.00085041 0.00000000 0.00000000 0.00000000 0.00000000 0.00000000
B 0.00000000 0.99999669 0.00000000 -0.99927609 -0.04468351 0.00000000 -0.99822488 0.00000000 0.09090909 0.00000000 0.00000000 0.99970497 0.00000000 0.00000000 0.00000000 0.00000000 0.00000000 0.00000000 -0.00085041 0.00000000 0.00000000 0.00000000 0.00000000 0.00000000
Z 0.00000000 0.99999669 0.00000000 -0.99927609 -0.04468351 0.00000000 -0.99822488 0.00000000 0.09090909 0.00000000 0.00000000 0.99970497 0.00000000 0.00000000 0.00000000 0.00000000 0.00000000 0.00000000 -0.00085041 0.00000000 0.00000000 0.00000000 0.00000000 0.00000000
X 0.00000000 0.99999669 0.00000000 -0.99927609 -0.04468351 0.00000000 -0.99822488 0.00000000 0.09090909 0.00000000 0.00000000 0.99970497 0.00000000 0.00000000 0.00000000 0.00000000 0.00000000 0.00000000 -0.00085041 0.00000000 0.00000000 0.00000000 0.00000000 0.00000000
* 0.00000000 0.99999669 0.00000000 -0.99927609 -0.04468351 0.00000000 -0.99822488 0.00000000 0.09090909 0.00000000 0.00000000 0.99970497 0.00000000 0.00000000 0.00000000 0.00000000 0.00000000 0.00000000 -0.00085041 0.00000000 0.00000000 0.00000000 0.00000000 0.00000000