 A R N D C Q E G H I L K M F P S T W Y V B Z X *
A -0.17 0.64 0.25 1.06 -0.41 0.41 1.85 -0.16 0.79 -0.48 -0.73 0.82 -0.40 -1.30 0.28 -0.04 -0.03 -2.02 -1.11 -0.10 0.66 1.13 0.05 -0.48
R -0.64 -0.81 -0.39 0.42 -1.05 -0.23 1.21 -0.80 0.15 -1.12 -1.37 0.18 -1.04 -1.94 -0.36 -0.68 -0.67 -2.66 -1.75 -0.74 0.01 0.49 -0.59 -1.12
N -0.25 0.39 -0.42 0.81 -0.66 0.16 1.60 -0.41 0.54 -0.73 -0.98 0.57 -0.65 -1.55 0.03 -0.29 -0.28 -2.27 -1.36 -0.35 0.41 0.88 -0.20 -0.73
D -1.06 -0.42 -0.81 -1.23 -1.47 -0.65 0.79 -1.22 -0.27 -1.54 -1.79 -0.24 -1.46 -2.36 -0.78 -1.10 -1.09 -3.08 -2.17 -1.16 -0.41 0.07 -1.01 -1.54
C 0.41 1.05 0.66 1.47 0.24 0.82 2.26 0.25 1.20 -0.07 -0.32 1.23 0.01 -0.89 0.69 0.37 0.38 -1.61 -0.70 0.31 1.07 1.54 0.46 -0.07
Q -0.41 0.23 -0.16 0.65 -0.82 -0.58 1.44 -0.57 0.38 -0.89 -1.14 0.41 -0.81 -1.71 -0.13 -0.45 -0.44 -2.43 -1.52 -0.51 0.25 0.72 -0.36 -0.89
E -1.85 -1.21 -1.60 -0.79 -2.26 -1.44 -2.02 -2.01 -1.06 -2.33 -2.58 -1.03 -2.25 -3.15 -1.57 -1.89 -1.88 -3.87 -2.96 -1.95 -1.20 -0.72 -1.80 -2.33
G 0.16 0.80 0.41 1.22 -0.25 0.57 2.01 -0.01 0.95 -0.32 -0.57 0.98 -0.24 -1.14 0.44 0.12 0.13 -1.86 -0.95 0.06 0.82 1.29 0.21 -0.32
H -0.79 -0.15 -0.54 0.27 -1.20 -0.38 1.06 -0.95 -0.96 -1.27 -1.52 0.03 -1.19 -2.09 -0.51 -0.83 -0.82 -2.81 -1.90 -0.89 -0.14 0.34 -0.74 -1.27
I 0.48 1.12 0.73 1.54 0.07 0.89 2.33 0.32 1.27 0.31 -0.25 1.30 0.08 -0.82 0.76 0.44 0.45 -1.54 -0.63 0.38 1.14 1.61 0.53 0.00
L 0.73 1.37 0.98 1.79 0.32 1.14 2.58 0.57 1.52 0.25 0.56 1.55 0.33 -0.57 1.01 0.69 0.70 -1.29 -0.38 0.63 1.39 1.86 0.78 0.25
K -0.82 -0.18 -0.57 0.24 -1.23 -0.41 1.03 -0.98 -0.03 -1.30 -1.55 -0.99 -1.22 -2.12 -0.54 -0.86 -0.85 -2.84 -1.93 -0.92 -0.17 0.31 -0.77 -1.30
M 0.40 1.04 0.65 1.46 -0.01 0.81 2.25 0.24 1.19 -0.08 -0.33 1.22 0.23 -0.90 0.68 0.36 0.37 -1.62 -0.71 0.30 1.06 1.53 0.45 -0.08
F 1.30 1.94 1.55 2.36 0.89 1.71 3.15 1.14 2.09 0.82 0.57 2.12 0.90 1.13 1.58 1.26 1.27 -0.72 0.19 1.20 1.96 2.43 1.35 0.82
P -0.28 0.36 -0.03 0.78 -0.69 0.13 1.57 -0.44 0.51 -0.76 -1.01 0.54 -0.68 -1.58 -0.45 -0.32 -0.31 -2.30 -1.39 -0.38 0.38 0.85 -0.23 -0.76
S 0.04 0.68 0.29 1.10 -0.37 0.45 1.89 -0.12 0.83 -0.44 -0.69 0.86 -0.36 -1.26 0.32 -0.13 0.01 -1.98 -1.07 -0.06 0.70 1.17 0.09 -0.44
T 0.03 0.67 0.28 1.09 -0.38 0.44 1.88 -0.13 0.82 -0.45 -0.70 0.85 -0.37 -1.27 0.31 -0.01 -0.14 -1.99 -1.08 -0.07 0.69 1.16 0.08 -0.45
W 2.02 2.66 2.27 3.08 1.61 2.43 3.87 1.86 2.81 1.54 1.29 2.84 1.62 0.72 2.30 1.98 1.99 1.85 0.91 1.92 2.68 3.15 2.07 1.54
Y 1.11 1.75 1.36 2.17 0.70 1.52 2.96 0.95 1.90 0.63 0.38 1.93 0.71 -0.19 1.39 1.07 1.08 -0.91 0.94 1.01 1.77 2.24 1.16 0.63
V 0.10 0.74 0.35 1.16 -0.31 0.51 1.95 -0.06 0.89 -0.38 -0.63 0.92 -0.30 -1.20 0.38 0.06 0.07 -1.92 -1.01 -0.07 0.76 1.23 0.15 -0.38
B -0.66 -0.01 -0.41 0.41 -1.07 -0.25 1.20 -0.82 0.14 -1.14 -1.39 0.17 -1.06 -1.96 -0.38 -0.70 -0.69 -2.68 -1.77 -0.76 -0.83 0.48 -0.60 -1.14
Z -1.13 -0.49 -0.88 -0.07 -1.54 -0.72 0.72 -1.29 -0.34 -1.61 -1.86 -0.31 -1.53 -2.43 -0.85 -1.17 -1.16 -3.15 -2.24 -1.23 -0.48 -1.30 -1.08 -1.61
X -0.05 0.59 0.20 1.01 -0.46 0.36 1.80 -0.21 0.74 -0.53 -0.78 0.77 -0.45 -1.35 0.23 -0.09 -0.08 -2.07 -1.16 -0.15 0.60 1.08 -0.22 -0.53
* 0.48 1.12 0.73 1.54 0.07 0.89 2.33 0.32 1.27 0.00 -0.25 1.30 0.08 -0.82 0.76 0.44 0.45 -1.54 -0.63 0.38 1.14 1.61 0.53 0.31