 A R N D C Q E G H I L K M F P S T W Y V B Z X *
A 0.99796242 -0.00700011 -0.01356408 0.00052630 0.00187165 -0.00532097 -0.00009582 -0.00046801 -0.00467785 -0.00004736 -0.00004736 -0.00905811 -0.00409059 -0.00532097 0.00178645 -0.00499211 0.00166618 -0.00201970 -0.00566510 -0.00035551 -0.00283634 -0.00192771 -0.00099852 -0.00046801
R 0.00700011 0.99096232 -0.00656398 0.00752641 0.00887175 0.00167913 0.00690428 0.00653209 0.00232226 0.00695274 0.00695274 -0.00205801 0.00290952 0.00167913 0.00878656 0.00200799 0.00866629 0.00498041 0.00133500 0.00664459 0.00416377 0.00507240 0.00600159 0.00653209
N 0.01356408 0.00656398 0.98439834 0.01409039 0.01543573 0.00824311 0.01346826 0.01309607 0.00888623 0.01351672 0.01351672 0.00450597 0.00947350 0.00824311 0.01535054 0.00857197 0.01523026 0.01154439 0.00789898 0.01320857 0.01072775 0.01163638 0.01256556 0.01309607
D -0.00052630 -0.00752641 -0.01409039 0.99848873 0.00134534 -0.00584728 -0.00062213 -0.00099432 -0.00520415 -0.00057367 -0.00057367 -0.00958442 -0.00461689 -0.00584728 0.00126015 -0.00551842 0.00113988 -0.00254600 -0.00619141 -0.00088182 -0.00336264 -0.00245401 -0.00152482 -0.00099432
C -0.00187165 -0.00887175 -0.01543573 -0.00134534 0.99983407 -0.00719262 -0.00196747 -0.00233966 -0.00654950 -0.00191901 -0.00191901 -0.01092976 -0.00596223 -0.00719262 -0.00008519 -0.00686376 -0.00020547 -0.00389134 -0.00753675 -0.00222716 -0.00470799 -0.00379935 -0.00287017 -0.00233966
Q 0.00532097 -0.00167913 -0.00824311 0.00584728 0.00719262 0.99264145 0.00522515 0.00485296 0.00064312 0.00527361 0.00527361 -0.00373714 0.00123039 0.00000000 0.00710743 0.00032886 0.00698716 0.00330128 -0.00034413 0.00496546 0.00248464 0.00339327 0.00432245 0.00485296
E 0.00009582 -0.00690428 -0.01346826 0.00062213 0.00196747 -0.00522515 0.99786660 -0.00037219 -0.00458203 0.00004846 0.00004846 -0.00896229 -0.00399476 -0.00522515 0.00188228 -0.00489629 0.00176200 -0.00192387 -0.00556928 -0.00025969 -0.00274052 -0.00183188 -0.00090270 -0.00037219
G 0.00046801 -0.00653209 -0.01309607 0.00099432 0.00233966 -0.00485296 0.00037219 0.99749441 -0.00420984 0.00042065 0.00042065 -0.00859010 -0.00362257 -0.00485296 0.00225447 -0.00452410 0.00213420 -0.00155168 -0.00519709 0.00011250 -0.00236832 -0.00145969 -0.00053051 0.00000000
H 0.00467785 -0.00232226 -0.00888623 0.00520415 0.00654950 -0.00064312 0.00458203 0.00420984 0.99328457 0.00463049 0.00463049 -0.00438026 0.00058726 -0.00064312 0.00646430 -0.00031426 0.00634403 0.00265815 -0.00098725 0.00432234 0.00184151 0.00275014 0.00367933 0.00420984
I 0.00004736 -0.00695274 -0.01351672 0.00057367 0.00191901 -0.00527361 -0.00004846 -0.00042065 -0.00463049 0.99791506 0.00000000 -0.00901075 -0.00404322 -0.00527361 0.00183381 -0.00494475 0.00171354 -0.00197233 -0.00561774 -0.00030815 -0.00278898 -0.00188035 -0.00095116 -0.00042065
L 0.00004736 -0.00695274 -0.01351672 0.00057367 0.00191901 -0.00527361 -0.00004846 -0.00042065 -0.00463049 0.00000000 0.99791506 -0.00901075 -0.00404322 -0.00527361 0.00183381 -0.00494475 0.00171354 -0.00197233 -0.00561774 -0.00030815 -0.00278898 -0.00188035 -0.00095116 -0.00042065
K 0.00905811 0.00205801 -0.00450597 0.00958442 0.01092976 0.00373714 0.00896229 0.00859010 0.00438026 0.00901075 0.00901075 0.98890431 0.00496752 0.00373714 0.01084456 0.00406600 0.01072429 0.00703841 0.00339301 0.00870260 0.00622177 0.00713040 0.00805959 0.00859010
M 0.00409059 -0.00290952 -0.00947350 0.00461689 0.00596223 -0.00123039 0.00399476 0.00362257 -0.00058726 0.00404322 0.00404322 -0.00496752 0.99387184 -0.00123039 0.00587704 -0.00090153 0.00575677 0.00207089 -0.00157452 0.00373507 0.00125425 0.00216288 0.00309207 0.00362257
F 0.00532097 -0.00167913 -0.00824311 0.00584728 0.00719262 0.00000000 0.00522515 0.00485296 0.00064312 0.00527361 0.00527361 -0.00373714 0.00123039 0.99264145 0.00710743 0.00032886 0.00698716 0.00330128 -0.00034413 0.00496546 0.00248464 0.00339327 0.00432245 0.00485296
P -0.00178645 -0.00878656 -0.01535054 -0.00126015 0.00008519 -0.00710743 -0.00188228 -0.00225447 -0.00646430 -0.00183381 -0.00183381 -0.01084456 -0.00587704 -0.00710743 0.99974887 -0.00677857 -0.00012027 -0.00380615 -0.00745155 -0.00214197 -0.00462279 -0.00371416 -0.00278497 -0.00225447
S 0.00499211 -0.00200799 -0.00857197 0.00551842 0.00686376 -0.00032886 0.00489629 0.00452410 0.00031426 0.00494475 0.00494475 -0.00406600 0.00090153 -0.00032886 0.00677857 0.99297031 0.00665829 0.00297242 -0.00067299 0.00463660 0.00215577 0.00306441 0.00399359 0.00452410
T -0.00166618 -0.00866629 -0.01523026 -0.00113988 0.00020547 -0.00698716 -0.00176200 -0.00213420 -0.00634403 -0.00171354 -0.00171354 -0.01072429 -0.00575677 -0.00698716 0.00012027 -0.00665829 0.99962860 -0.00368588 -0.00733128 -0.00202170 -0.00450252 -0.00359389 -0.00266470 -0.00213420
W 0.00201970 -0.00498041 -0.01154439 0.00254600 0.00389134 -0.00330128 0.00192387 0.00155168 -0.00265815 0.00197233 0.00197233 -0.00703841 -0.00207089 -0.00330128 0.00380615 -0.00297242 0.00368588 0.99594273 -0.00364541 0.00166418 -0.00081664 0.00009199 0.00102118 0.00155168
Y 0.00566510 -0.00133500 -0.00789898 0.00619141 0.00753675 0.00034413 0.00556928 0.00519709 0.00098725 0.00561774 0.00561774 -0.00339301 0.00157452 0.00034413 0.00745155 0.00067299 0.00733128 0.00364541 0.99229732 0.00530959 0.00282876 0.00373739 0.00466658 0.00519709
V 0.00035551 -0.00664459 -0.01320857 0.00088182 0.00222716 -0.00496546 0.00025969 -0.00011250 -0.00432234 0.00030815 0.00030815 -0.00870260 -0.00373507 -0.00496546 0.00214197 -0.00463660 0.00202170 -0.00166418 -0.00530959 0.99760691 -0.00248082 -0.00157219 -0.00064301 -0.00011250
B 0.00283634 -0.00416377 -0.01072775 0.00336264 0.00470799 -0.00248464 0.00274052 0.00236832 -0.00184151 0.00278898 0.00278898 -0.00622177 -0.00125425 -0.00248464 0.00462279 -0.00215577 0.00450252 0.00081664 -0.00282876 0.00248082 0.99512608 0.00090863 0.00183782 0.00236832
Z 0.00192771 -0.00507240 -0.01163638 0.00245401 0.00379935 -0.00339327 0.00183188 0.00145969 -0.00275014 0.00188035 0.00188035 -0.00713040 -0.00216288 -0.00339327 0.00371416 -0.00306441 0.00359389 -0.00009199 -0.00373739 0.00157219 -0.00090863 0.99603471 0.00092919 0.00145969
X 0.00099852 -0.00600159 -0.01256556 0.00152482 0.00287017 -0.00432245 0.00090270 0.00053051 -0.00367933 0.00095116 0.00095116 -0.00805959 -0.00309207 -0.00432245 0.00278497 -0.00399359 0.00266470 -0.00102118 -0.00466658 0.00064301 -0.00183782 -0.00092919 0.99696390 0.00053051
* 0.00046801 -0.00653209 -0.01309607 0.00099432 0.00233966 -0.00485296 0.00037219 0.00000000 -0.00420984 0.00042065 0.00042065 -0.00859010 -0.00362257 -0.00485296 0.00225447 -0.00452410 0.00213420 -0.00155168 -0.00519709 0.00011250 -0.00236832 -0.00145969 -0.00053051 0.99749441